   1.3003602e+00   1.3583583e+00   1.3721706e+00   1.3664560e+00   1.3785753e+00   1.3779440e+00   1.3803193e+00   1.3786959e+00
   1.2882330e+00   1.3458503e+00   1.3587503e+00   1.3476013e+00   1.3612162e+00   1.3566947e+00   1.3559161e+00   1.3504543e+00
   1.2753211e+00   1.3314941e+00   1.3418049e+00   1.3244490e+00   1.3375212e+00   1.3276834e+00   1.3221811e+00   1.3113232e+00
   1.2616597e+00   1.3155585e+00   1.3217327e+00   1.2971879e+00   1.3077087e+00   1.2915186e+00   1.2794077e+00   1.2617938e+00
   1.2471620e+00   1.2980163e+00   1.2988682e+00   1.2657422e+00   1.2725080e+00   1.2488528e+00   1.2283579e+00   1.2031256e+00
   1.2318411e+00   1.2788732e+00   1.2734314e+00   1.2303289e+00   1.2323139e+00   1.1998741e+00   1.1700662e+00   1.1364341e+00
   1.2156254e+00   1.2583817e+00   1.2455201e+00   1.1916166e+00   1.1874314e+00   1.1451649e+00   1.1055972e+00   1.0622321e+00
   1.1986578e+00   1.2368792e+00   1.2151570e+00   1.1504277e+00   1.1382918e+00   1.0854504e+00   1.0354218e+00   9.8117116e-01
   1.1811188e+00   1.2146414e+00   1.1829285e+00   1.1073489e+00   1.0858068e+00   1.0217981e+00   9.6042681e-01   8.9476484e-01
   1.1628410e+00   1.1918584e+00   1.1496507e+00   1.0625887e+00   1.0309022e+00   9.5555667e-01   8.8207145e-01   8.0487162e-01
   1.1436153e+00   1.1685320e+00   1.1157415e+00   1.0165937e+00   9.7426999e-01   8.8737266e-01   8.0164883e-01   7.1289723e-01
   1.1235226e+00   1.1447534e+00   1.0812885e+00   9.7017580e-01   9.1661088e-01   8.1777576e-01   7.2025060e-01   6.1973594e-01
   1.1028880e+00   1.1209009e+00   1.0465240e+00   9.2424616e-01   8.5857229e-01   7.4790894e-01   6.3901974e-01   5.2642572e-01
   1.0816837e+00   1.0972427e+00   1.0118968e+00   8.7925516e-01   8.0105193e-01   6.7919103e-01   5.5896697e-01   4.3459847e-01
   1.0597609e+00   1.0738854e+00   9.7808112e-01   8.3545550e-01   7.4511733e-01   6.1266671e-01   4.8100417e-01   3.4614114e-01
   1.0370172e+00   1.0509318e+00   9.4548824e-01   7.9318449e-01   6.9143924e-01   5.4891988e-01   4.0665888e-01   2.6241212e-01
   1.0134179e+00   1.0283629e+00   9.1413502e-01   7.5308496e-01   6.4050902e-01   4.8866475e-01   3.3724821e-01   1.8402927e-01
   9.8929277e-01   1.0064652e+00   8.8417205e-01   7.1620235e-01   5.9281752e-01   4.3280549e-01   2.7339071e-01   1.1181433e-01
   9.6472804e-01   9.8548010e-01   8.5593576e-01   6.8292129e-01   5.4900723e-01   3.8214440e-01   2.1586213e-01   4.7089186e-02
   9.3944774e-01   9.6540740e-01   8.2992226e-01   6.5307269e-01   5.0982389e-01   3.3767719e-01   1.6546780e-01  -8.8844060e-03
   9.1337100e-01   9.4607990e-01   8.0638816e-01   6.2676211e-01   4.7575820e-01   2.9974355e-01   1.2297341e-01  -5.5177932e-02
   8.8668062e-01   9.2742922e-01   7.8519136e-01   6.0433543e-01   4.4704663e-01   2.6826377e-01   8.9147670e-02  -9.1438631e-02
   8.5949368e-01   9.0979450e-01   7.6629141e-01   5.8621517e-01   4.2381289e-01   2.4378057e-01   6.4109093e-02  -1.1776286e-01
   8.3188307e-01   8.9320637e-01   7.4995697e-01   5.7255863e-01   4.0619919e-01   2.2682387e-01   4.7660842e-02  -1.3385581e-01
   8.0382624e-01   8.7746715e-01   7.3623508e-01   5.6303800e-01   3.9441046e-01   2.1749002e-01   4.0078061e-02  -1.3891985e-01
   7.7502757e-01   8.6232192e-01   7.2514046e-01   5.5728182e-01   3.8868290e-01   2.1556690e-01   4.1707742e-02  -1.3294506e-01
   7.4556809e-01   8.4770131e-01   7.1642878e-01   5.5517647e-01   3.8858679e-01   2.2064353e-01   5.2422434e-02  -1.1679045e-01
   7.1570593e-01   8.3370823e-01   7.0969286e-01   5.5684299e-01   3.9362773e-01   2.3236328e-01   7.1441441e-02  -9.1123313e-02
   6.8551789e-01   8.2032957e-01   7.0478518e-01   5.6203772e-01   4.0355259e-01   2.5076262e-01   9.7990125e-02  -5.6257031e-02
   6.5493325e-01   8.0725176e-01   7.0171469e-01   5.7010595e-01   4.1825306e-01   2.7550944e-01   1.3161194e-01  -1.2555380e-02
   6.2381878e-01   7.9413369e-01   7.0040830e-01   5.8041698e-01   4.3734538e-01   3.0555215e-01   1.7208267e-01   3.9210724e-02
   5.9225190e-01   7.8090369e-01   7.0026883e-01   5.9261890e-01   4.5994275e-01   3.3983230e-01   2.1852954e-01   9.7752549e-02
   5.6034744e-01   7.6756840e-01   7.0068628e-01   6.0662094e-01   4.8521806e-01   3.7775390e-01   2.6965638e-01   1.6160958e-01
   5.2815630e-01   7.5399402e-01   7.0141634e-01   6.2198996e-01   5.1271601e-01   4.1889701e-01   3.2441656e-01   2.2961902e-01
   4.9571652e-01   7.3983494e-01   7.0253121e-01   6.3776477e-01   5.4189898e-01   4.6241183e-01   3.8167331e-01   3.0094594e-01
   4.6290511e-01   7.2483756e-01   7.0369891e-01   6.5293488e-01   5.7196601e-01   5.0709880e-01   4.4038617e-01   3.7454300e-01
   4.2957315e-01   7.0873300e-01   7.0407884e-01   6.6735191e-01   6.0212925e-01   5.5160299e-01   4.9961588e-01   4.4854157e-01
   3.9599617e-01   6.9150982e-01   7.0311506e-01   6.8091117e-01   6.3151056e-01   5.9492979e-01   5.5806557e-01   5.2102895e-01
   3.6236496e-01   6.7328438e-01   7.0061661e-01   6.9279040e-01   6.5911078e-01   6.3649559e-01   6.1414313e-01   5.9086023e-01
   3.2863588e-01   6.5372170e-01   6.9658103e-01   7.0216589e-01   6.8427364e-01   6.7562418e-01   6.6674632e-01   6.5739249e-01
   2.9454854e-01   6.3238014e-01   6.9077569e-01   7.0830110e-01   7.0665890e-01   7.1128763e-01   7.1510270e-01   7.1944310e-01
   2.5998789e-01   6.0926059e-01   6.8260784e-01   7.1100625e-01   7.2548186e-01   7.4230305e-01   7.5836082e-01   7.7537577e-01
   2.2535592e-01   5.8452966e-01   6.7148728e-01   7.1036106e-01   7.3990979e-01   7.6769541e-01   7.9547612e-01   8.2374569e-01
   1.9088615e-01   5.5825283e-01   6.5738616e-01   7.0583630e-01   7.4929469e-01   7.8709816e-01   8.2531113e-01   8.6353653e-01
   1.5624835e-01   5.3026226e-01   6.4037304e-01   6.9668075e-01   7.5322403e-01   8.0027360e-01   8.4716129e-01   8.9440886e-01
   1.2128058e-01   5.0018709e-01   6.2032839e-01   6.8257030e-01   7.5158676e-01   8.0646195e-01   8.6086679e-01   9.1590285e-01
   8.6169215e-02   4.6806203e-01   5.9699718e-01   6.6356157e-01   7.4405059e-01   8.0488225e-01   8.6576751e-01   9.2704400e-01
   5.1083506e-02   4.3421117e-01   5.6998992e-01   6.3978003e-01   7.2997248e-01   7.9520608e-01   8.6110671e-01   9.2687642e-01
   1.6098137e-02   3.9881628e-01   5.3947969e-01   6.1124789e-01   7.0925510e-01   7.7758348e-01   8.4657636e-01   9.1524869e-01
  -1.8943861e-02   3.6169993e-01   5.0596127e-01   5.7781552e-01   6.8219797e-01   7.5223466e-01   8.2227856e-01   8.9280098e-01
  -5.4142830e-02   3.2281453e-01   4.6949244e-01   5.3918535e-01   6.4885394e-01   7.1880835e-01   7.8880092e-01   8.5977678e-01
  -8.9354274e-02   2.8248428e-01   4.2974459e-01   4.9582732e-01   6.0916725e-01   6.7723106e-01   7.4624115e-01   8.1591249e-01
  -1.2435371e-01   2.4100365e-01   3.8666727e-01   4.4847070e-01   5.6332248e-01   6.2815781e-01   6.9459772e-01   7.6122213e-01
  -1.5910663e-01   1.9859482e-01   3.4070307e-01   3.9742218e-01   5.1179022e-01   5.7228341e-01   6.3445766e-01   6.9648556e-01
  -1.9382496e-01   1.5518781e-01   2.9254881e-01   3.4279182e-01   4.5501408e-01   5.1009331e-01   5.6647021e-01   6.2294540e-01
  -2.2858381e-01   1.1090737e-01   2.4258868e-01   2.8480872e-01   3.9367154e-01   4.4193490e-01   4.9133113e-01   5.4171597e-01
  -2.6332903e-01   6.6048249e-02   1.9090745e-01   2.2411526e-01   3.2835802e-01   3.6848705e-01   4.1040571e-01   4.5341321e-01
  -2.9780704e-01   2.0915181e-02   1.3757581e-01   1.6152549e-01   2.5928287e-01   2.9049492e-01   3.2446292e-01   3.5866957e-01
  -3.3195004e-01  -2.4118519e-02   8.2926299e-02   9.7733318e-02   1.8725709e-01   2.0907714e-01   2.3411776e-01   2.5891557e-01
  -3.6592581e-01  -6.9022679e-02   2.7754374e-02   3.2925609e-02   1.1344595e-01   1.2557215e-01   1.4087136e-01   1.5585207e-01
  -3.9973726e-01  -1.1379571e-01  -2.7314024e-02  -3.2485738e-02   3.8620390e-02   4.0689629e-02   4.5963055e-02   5.1103392e-02
  -4.3339405e-01  -1.5811985e-01  -8.2127677e-02  -9.7629245e-02  -3.6590435e-02  -4.4959013e-02  -4.9461553e-02  -5.4210450e-02
  -4.6666903e-01  -2.0161119e-01  -1.3656527e-01  -1.6159865e-01  -1.1151373e-01  -1.3037903e-01  -1.4431563e-01  -1.5914605e-01
  -4.9953300e-01  -2.4398949e-01  -1.9020828e-01  -2.2371414e-01  -1.8541323e-01  -2.1415724e-01  -2.3764985e-01  -2.6219689e-01
  -5.3217948e-01  -2.8526139e-01  -2.4226539e-01  -2.8383573e-01  -2.5732009e-01  -2.9511681e-01  -3.2811999e-01  -3.6173795e-01
  -5.6458316e-01  -3.2542220e-01  -2.9225640e-01  -3.4173274e-01  -3.2635587e-01  -3.7267481e-01  -4.1421046e-01  -4.5615744e-01
  -5.9670431e-01  -3.6424486e-01  -3.4018742e-01  -3.9666244e-01  -3.9191329e-01  -4.4616589e-01  -4.9502206e-01  -5.4451346e-01
  -6.2836083e-01  -4.0145164e-01  -3.8597916e-01  -4.4781422e-01  -4.5342871e-01  -5.1479145e-01  -5.6981386e-01  -6.2625259e-01
  -6.5947450e-01  -4.3678035e-01  -4.2916656e-01  -4.9491185e-01  -5.1042452e-01  -5.7749110e-01  -6.3781067e-01  -7.0012309e-01
  -6.9013532e-01  -4.7037460e-01  -4.6922950e-01  -5.3786923e-01  -5.6217054e-01  -6.3339345e-01  -6.9830667e-01  -7.6471018e-01
  -7.2041114e-01  -5.0238428e-01  -5.0606571e-01  -5.7647418e-01  -6.0803610e-01  -6.8222445e-01  -7.5022924e-01  -8.1901652e-01
  -7.5047788e-01  -5.3261128e-01  -5.3977039e-01  -6.1044098e-01  -6.4781569e-01  -7.2377682e-01  -7.9296217e-01  -8.6297785e-01
  -7.7997478e-01  -5.6096004e-01  -5.7026877e-01  -6.3926839e-01  -6.8146364e-01  -7.5771144e-01  -8.2643595e-01  -8.9666452e-01
  -8.0879363e-01  -5.8732880e-01  -5.9742875e-01  -6.6283014e-01  -7.0876150e-01  -7.8362018e-01  -8.5049274e-01  -9.1941916e-01
  -8.3718298e-01  -6.1189710e-01  -6.2105938e-01  -6.8151697e-01  -7.2945562e-01  -8.0128973e-01  -8.6493955e-01  -9.3070664e-01
  -8.6514168e-01  -6.3495480e-01  -6.4113076e-01  -6.9573404e-01  -7.4351088e-01  -8.1080926e-01  -8.6968981e-01  -9.3051127e-01
  -8.9259868e-01  -6.5653270e-01  -6.5809433e-01  -7.0539643e-01  -7.5117588e-01  -8.1255000e-01  -8.6498399e-01  -9.1945752e-01
  -9.1940107e-01  -6.7644003e-01  -6.7219581e-01  -7.1037599e-01  -7.5292189e-01  -8.0679865e-01  -8.5124449e-01  -8.9844445e-01
  -9.4558479e-01  -6.9468422e-01  -6.8352182e-01  -7.1102119e-01  -7.4902971e-01  -7.9387331e-01  -8.2924114e-01  -8.6799192e-01
  -9.7114479e-01  -7.1178131e-01  -6.9211961e-01  -7.0800634e-01  -7.3967386e-01  -7.7413086e-01  -7.9967287e-01  -8.2816682e-01
  -9.9620397e-01  -7.2786446e-01  -6.9811086e-01  -7.0197598e-01  -7.2520532e-01  -7.4837637e-01  -7.6278152e-01  -7.7940076e-01
  -1.0207758e+00  -7.4318622e-01  -7.0203486e-01  -6.9304335e-01  -7.0641374e-01  -7.1756094e-01  -7.1934901e-01  -7.2338798e-01
  -1.0445586e+00  -7.5783381e-01  -7.0445588e-01  -6.8142666e-01  -6.8417067e-01  -6.8248219e-01  -6.7070179e-01  -6.6180838e-01
  -1.0674897e+00  -7.7162746e-01  -7.0560760e-01  -6.6782209e-01  -6.5904139e-01  -6.4355470e-01  -6.1806020e-01  -5.9548355e-01
  -1.0897257e+00  -7.8499638e-01  -7.0562780e-01  -6.5313138e-01  -6.3143043e-01  -6.0152215e-01  -5.6244470e-01  -5.2514464e-01
  -1.1114596e+00  -7.9831407e-01  -7.0470493e-01  -6.3818699e-01  -6.0214851e-01  -5.5794595e-01  -5.0452893e-01  -4.5202878e-01
  -1.1326751e+00  -8.1157318e-01  -7.0353405e-01  -6.2315129e-01  -5.7220108e-01  -5.1379715e-01  -4.4543480e-01  -3.7800351e-01
  -1.1530614e+00  -8.2494307e-01  -7.0282107e-01  -6.0817664e-01  -5.4230831e-01  -4.6981944e-01  -3.8665779e-01  -3.0488999e-01
  -1.1725408e+00  -8.3851444e-01  -7.0284586e-01  -5.9394640e-01  -5.1328349e-01  -4.2694989e-01  -3.2942458e-01  -2.3383313e-01
  -1.1912886e+00  -8.5245178e-01  -7.0346270e-01  -5.8135037e-01  -4.8578417e-01  -3.8592254e-01  -2.7496350e-01  -1.6559851e-01
  -1.2094075e+00  -8.6712761e-01  -7.0484669e-01  -5.7120976e-01  -4.6036102e-01  -3.4759779e-01  -2.2413355e-01  -1.0126138e-01
  -1.2268891e+00  -8.8259093e-01  -7.0783994e-01  -5.6370827e-01  -4.3790804e-01  -3.1326754e-01  -1.7779349e-01  -4.2547085e-02
  -1.2434987e+00  -8.9868568e-01  -7.1296900e-01  -5.5885164e-01  -4.1921006e-01  -2.8389307e-01  -1.3708560e-01   8.9335489e-03
  -1.2591705e+00  -9.1540990e-01  -7.2019123e-01  -5.5712972e-01  -4.0479424e-01  -2.5975890e-01  -1.0300310e-01   5.2511047e-02
  -1.2740394e+00  -9.3307160e-01  -7.2938302e-01  -5.5922454e-01  -3.9495568e-01  -2.4121104e-01  -7.6280716e-02   8.7704091e-02
  -1.2882015e+00  -9.5181918e-01  -7.4078176e-01  -5.6547633e-01  -3.9002320e-01  -2.2905318e-01  -5.7358333e-02   1.1383316e-01
  -1.3016209e+00  -9.7161236e-01  -7.5464415e-01  -5.7568279e-01  -3.9037078e-01  -2.2398564e-01  -4.6618453e-02   1.3015554e-01
  -1.3141647e+00  -9.9218659e-01  -7.7123158e-01  -5.8965274e-01  -3.9649888e-01  -2.2628369e-01  -4.4542264e-02   1.3582436e-01
  -1.3257375e+00  -1.0134054e+00  -7.9046493e-01  -6.0754330e-01  -4.0862937e-01  -2.3590466e-01  -5.1570902e-02   1.3064154e-01
  -1.3364018e+00  -1.0354246e+00  -8.1190984e-01  -6.2976956e-01  -4.2638787e-01  -2.5270197e-01  -6.7856461e-02   1.1497858e-01
  -1.3462637e+00  -1.0582417e+00  -8.3553127e-01  -6.5643629e-01  -4.4955347e-01  -2.7669723e-01  -9.2986844e-02   8.9269880e-02
  -1.3552683e+00  -1.0817926e+00  -8.6157901e-01  -6.8703629e-01  -4.7823835e-01  -3.0799326e-01  -1.2668925e-01   5.3321351e-02
  -1.3632381e+00  -1.1056358e+00  -8.8998865e-01  -7.2073924e-01  -5.1256542e-01  -3.4645806e-01  -1.6874017e-01   6.9101421e-03
  -1.3700753e+00  -1.1294616e+00  -9.2039270e-01  -7.5728446e-01  -5.5208046e-01  -3.9119945e-01  -2.1870258e-01  -4.9060834e-02
  -1.3759245e+00  -1.1534387e+00  -9.5214711e-01  -7.9693697e-01  -5.9598545e-01  -4.4137122e-01  -2.7616289e-01  -1.1323555e-01
  -1.3809697e+00  -1.1775472e+00  -9.8506455e-01  -8.3935026e-01  -6.4382658e-01  -4.9676291e-01  -3.3995597e-01  -1.8456641e-01
  -1.3851032e+00  -1.2016149e+00  -1.0191309e+00  -8.8371303e-01  -6.9518788e-01  -5.5695844e-01  -4.0903575e-01  -2.6254349e-01
  -1.3880494e+00  -1.2251480e+00  -1.0539726e+00  -9.2924936e-01  -7.4934938e-01  -6.2107058e-01  -4.8275462e-01  -3.4645007e-01
  -1.3897603e+00  -1.2476792e+00  -1.0892768e+00  -9.7538995e-01  -8.0559766e-01  -6.8794010e-01  -5.6016245e-01  -4.3486473e-01
  -1.3903887e+00  -1.2692445e+00  -1.1244232e+00  -1.0217558e+00  -8.6314899e-01  -7.5635672e-01  -6.4026134e-01  -5.2597087e-01
  -1.3900720e+00  -1.2898094e+00  -1.1587250e+00  -1.0681374e+00  -9.2123135e-01  -8.2554744e-01  -7.2160754e-01  -6.1828496e-01
  -1.3889901e+00  -1.3091515e+00  -1.1920547e+00  -1.1136400e+00  -9.7919231e-01  -8.9492136e-01  -8.0264046e-01  -7.1097069e-01
  -1.3871175e+00  -1.3269912e+00  -1.2243645e+00  -1.1572776e+00  -1.0363347e+00  -9.6339868e-01  -8.8253687e-01  -8.0295954e-01
  -1.3844058e+00  -1.3429048e+00  -1.2550118e+00  -1.1985918e+00  -1.0916593e+00  -1.0298253e+00  -9.6048385e-01  -8.9270122e-01
  -1.3811230e+00  -1.3568252e+00  -1.2833074e+00  -1.2372127e+00  -1.1442120e+00  -1.0930477e+00  -1.0350604e+00  -9.7834444e-01
  -1.3773269e+00  -1.3687768e+00  -1.3089514e+00  -1.2729357e+00  -1.1933518e+00  -1.1523817e+00  -1.1050969e+00  -1.0585332e+00
  -1.3728950e+00  -1.3785311e+00  -1.3318505e+00  -1.3050462e+00  -1.2385078e+00  -1.2074173e+00  -1.1696945e+00  -1.1326780e+00
  -1.3677481e+00  -1.3857043e+00  -1.3518003e+00  -1.3326431e+00  -1.2792529e+00  -1.2572166e+00  -1.2279998e+00  -1.1999710e+00
  -1.3617918e+00  -1.3901985e+00  -1.3682316e+00  -1.3552716e+00  -1.3149047e+00  -1.3005546e+00  -1.2795393e+00  -1.2592014e+00
  -1.3550732e+00  -1.3921851e+00  -1.3805438e+00  -1.3728842e+00  -1.3444561e+00  -1.3365847e+00  -1.3234745e+00  -1.3090043e+00
  -1.3477817e+00  -1.3918105e+00  -1.3886296e+00  -1.3853567e+00  -1.3673016e+00  -1.3647008e+00  -1.3581848e+00  -1.3485557e+00
  -1.3399197e+00  -1.3892547e+00  -1.3927206e+00  -1.3921571e+00  -1.3832910e+00  -1.3842237e+00  -1.3828439e+00  -1.3775327e+00
  -1.3311639e+00  -1.3845523e+00  -1.3930035e+00  -1.3931580e+00  -1.3922471e+00  -1.3947429e+00  -1.3977560e+00  -1.3953623e+00
  -1.3214048e+00  -1.3777619e+00  -1.3896382e+00  -1.3889165e+00  -1.3939724e+00  -1.3965020e+00  -1.4026616e+00  -1.4010736e+00
  -1.3108399e+00  -1.3690080e+00  -1.3826205e+00  -1.3799833e+00  -1.3888707e+00  -1.3903751e+00  -1.3974794e+00  -1.3948505e+00
  -1.2996122e+00  -1.3584469e+00  -1.3720957e+00  -1.3664743e+00  -1.3775497e+00  -1.3768890e+00  -1.3824061e+00  -1.3772484e+00
  -1.2876318e+00  -1.3462190e+00  -1.3583895e+00  -1.3481584e+00  -1.3600482e+00  -1.3559746e+00  -1.3577262e+00  -1.3486665e+00
  -1.2746092e+00  -1.3320507e+00  -1.3416714e+00  -1.3249317e+00  -1.3365808e+00  -1.3274857e+00  -1.3238628e+00  -1.3097632e+00
  -1.2606737e+00  -1.3158928e+00  -1.3219507e+00  -1.2971204e+00  -1.3072692e+00  -1.2914218e+00  -1.2813971e+00  -1.2609098e+00
  -1.2460638e+00  -1.2982130e+00  -1.2989796e+00  -1.2653493e+00  -1.2721163e+00  -1.2482789e+00  -1.2308189e+00  -1.2024779e+00
  -1.2308337e+00  -1.2791944e+00  -1.2730223e+00  -1.2301848e+00  -1.2316529e+00  -1.1989460e+00  -1.1725832e+00  -1.1352477e+00
  -1.2149099e+00  -1.2589611e+00  -1.2448973e+00  -1.1918455e+00  -1.1865128e+00  -1.1442454e+00  -1.1077771e+00  -1.0606784e+00
  -1.1980786e+00  -1.2375755e+00  -1.2150137e+00  -1.1505959e+00  -1.1375557e+00  -1.0849531e+00  -1.0373526e+00  -9.8012486e-01
  -1.1803425e+00  -1.2151765e+00  -1.1835113e+00  -1.1069615e+00  -1.0854567e+00  -1.0216347e+00  -9.6247812e-01  -8.9477552e-01
  -1.1618971e+00  -1.1920719e+00  -1.1504352e+00  -1.0618163e+00  -1.0306245e+00  -9.5503130e-01  -8.8424390e-01  -8.0520753e-01
  -1.1427945e+00  -1.1686356e+00  -1.1161108e+00  -1.0161707e+00  -9.7385324e-01  -8.8640844e-01  -8.0360464e-01  -7.1250373e-01
  -1.1230429e+00  -1.1451824e+00  -1.0813672e+00  -9.7022255e-01  -9.1609318e-01  -8.1692241e-01  -7.2188502e-01  -6.1884813e-01
  -1.1025082e+00  -1.1214633e+00  -1.0468116e+00  -9.2412315e-01  -8.5825343e-01  -7.4756715e-01  -6.4040159e-01  -5.2602196e-01
  -1.0810891e+00  -1.0975117e+00  -1.0126666e+00  -8.7864101e-01  -8.0121462e-01  -6.7905275e-01  -5.6034580e-01  -4.3510438e-01
  -1.0589180e+00  -1.0738683e+00  -9.7895179e-01  -8.3458754e-01  -7.4541225e-01  -6.1209055e-01  -4.8287634e-01  -3.4684552e-01
  -1.0361994e+00  -1.0507938e+00  -9.4599869e-01  -7.9265477e-01  -6.9140212e-01  -5.4803757e-01  -4.0871141e-01  -2.6234104e-01
  -1.0130605e+00  -1.0283885e+00  -9.1443461e-01  -7.5321167e-01  -6.4020141e-01  -4.8805440e-01  -3.3889036e-01  -1.8336749e-01
  -9.8917482e-01  -1.0065958e+00  -8.8460897e-01  -7.1636762e-01  -5.9263239e-01  -4.3269423e-01  -2.7475300e-01  -1.1147968e-01
  -9.6436266e-01  -9.8538659e-01  -8.5673848e-01  -6.8241885e-01  -5.4924190e-01  -3.8238100e-01  -2.1720005e-01  -4.7569650e-02
  -9.3887165e-01  -9.6493520e-01  -8.3080569e-01  -6.5218747e-01  -5.1026312e-01  -3.3749485e-01  -1.6696237e-01   8.0727372e-03
  -9.1291415e-01  -9.4551331e-01  -8.0683026e-01  -6.2631675e-01  -4.7594076e-01  -2.9891119e-01  -1.2449226e-01   5.5050820e-02
  -8.8648477e-01  -9.2716217e-01  -7.8532608e-01  -6.0440046e-01  -4.4687245e-01  -2.6752455e-01  -9.0123324e-02   9.2154195e-02
  -8.5945821e-01  -9.0969153e-01  -7.6662870e-01  -5.8618536e-01  -4.2367621e-01  -2.4353407e-01  -6.4439992e-02   1.1838787e-01
  -8.3175626e-01  -8.9291009e-01  -7.5061698e-01  -5.7190186e-01  -4.0645443e-01  -2.2669118e-01  -4.8098523e-02   1.3367877e-01
  -8.0345217e-01  -8.7686094e-01  -7.3688177e-01  -5.6182071e-01  -3.9492894e-01  -2.1695195e-01  -4.0967184e-02   1.3853069e-01
  -7.7477070e-01  -8.6173034e-01  -7.2539458e-01  -5.5621436e-01  -3.8896278e-01  -2.1455781e-01  -4.2638414e-02   1.3328125e-01
  -7.4567468e-01  -8.4742795e-01  -7.1637643e-01  -5.5460649e-01  -3.8849869e-01  -2.1961419e-01  -5.2953098e-02   1.1770033e-01
  -7.1599360e-01  -8.3364655e-01  -7.0975098e-01  -5.5625067e-01  -3.9359186e-01  -2.3187265e-01  -7.1703948e-02   9.1660596e-02
  -6.8572862e-01  -8.2015042e-01  -7.0524992e-01  -5.6100814e-01  -4.0392462e-01  -2.5052701e-01  -9.8566822e-02   5.5943994e-02
  -6.5498547e-01  -8.0690081e-01  -7.0225309e-01  -5.6884148e-01  -4.1870291e-01  -2.7481049e-01  -1.3274492e-01   1.1944403e-02
  -6.2395077e-01  -7.9382215e-01  -7.0053334e-01  -5.7957062e-01  -4.3738044e-01  -3.0428607e-01  -1.7333325e-01  -3.9307111e-02
  -5.9263495e-01  -7.8080082e-01  -7.0018412e-01  -5.9244796e-01  -4.5964779e-01  -3.3865398e-01  -2.1944032e-01  -9.7172589e-02
  -5.6081797e-01  -7.6751856e-01  -7.0090236e-01  -6.0646383e-01  -4.8508007e-01  -3.7710983e-01  -2.7023698e-01  -1.6107546e-01
  -5.2845485e-01  -7.5365089e-01  -7.0220910e-01  -6.2132197e-01  -5.1287014e-01  -4.1842271e-01  -3.2495409e-01  -2.2978878e-01
  -4.9571551e-01  -7.3919418e-01  -7.0337976e-01  -6.3681056e-01  -5.4206401e-01  -4.6164812e-01  -3.8237545e-01  -3.0137855e-01
  -4.6282088e-01  -7.2411995e-01  -7.0391714e-01  -6.5243541e-01  -5.7185236e-01  -5.0596695e-01  -4.4113689e-01  -3.7427441e-01
  -4.2979228e-01  -7.0829732e-01  -7.0399334e-01  -6.6731426e-01  -6.0163685e-01  -5.5063718e-01  -5.0000513e-01  -4.4749593e-01
  -3.9631002e-01  -6.9125423e-01  -7.0332390e-01  -6.8068667e-01  -6.3087669e-01  -5.9459374e-01  -5.5796343e-01  -5.2025470e-01
  -3.6242994e-01  -6.7267268e-01  -7.0123606e-01  -6.9216633e-01  -6.5869828e-01  -6.3648843e-01  -6.1407251e-01  -5.9106253e-01
  -3.2837864e-01  -6.5267963e-01  -6.9721290e-01  -7.0127312e-01  -6.8408514e-01  -6.7542342e-01  -6.6712663e-01  -6.5790282e-01
  -2.9426514e-01  -6.3143445e-01  -6.9093917e-01  -7.0782256e-01  -7.0631271e-01  -7.1064635e-01  -7.1574649e-01  -7.1933047e-01
  -2.6011173e-01  -6.0884122e-01  -6.8229513e-01  -7.1108094e-01  -7.2490587e-01  -7.4157956e-01  -7.5862697e-01  -7.7476657e-01
  -2.2560935e-01  -5.8435187e-01  -6.7126203e-01  -7.1022351e-01  -7.3934102e-01  -7.6749298e-01  -7.9533863e-01  -8.2338032e-01
  -1.9073887e-01  -5.5780589e-01  -6.5766689e-01  -7.0508240e-01  -7.4889707e-01  -7.8725949e-01  -8.2543181e-01  -8.6397562e-01
  -1.5577539e-01  -5.2948740e-01  -6.4081944e-01  -6.9568878e-01  -7.5305731e-01  -8.0007154e-01  -8.4774660e-01  -8.9528082e-01
  -1.2093207e-01  -4.9946896e-01  -6.2033682e-01  -6.8198059e-01  -7.5134041e-01  -8.0564091e-01  -8.6113509e-01  -9.1620332e-01
  -8.6214313e-02  -4.6775791e-01  -5.9656012e-01  -6.6332856e-01  -7.4340295e-01  -8.0395135e-01  -8.6528413e-01  -9.2663151e-01
  -5.1238536e-02  -4.3414940e-01  -5.6972143e-01  -6.3942802e-01  -7.2940721e-01  -7.9467240e-01  -8.6021466e-01  -9.2668196e-01
  -1.5933244e-02  -3.9852781e-01  -5.3971210e-01  -6.1044187e-01  -7.0907075e-01  -7.7716869e-01  -8.4581201e-01  -9.1588092e-01
   1.9370631e-02  -3.6119360e-01  -5.0619465e-01  -5.7662344e-01  -6.8205729e-01  -7.5132253e-01  -8.2199427e-01  -8.9358599e-01
   5.4452678e-02  -3.2248736e-01  -4.6906582e-01  -5.3842160e-01  -6.4856133e-01  -7.1748696e-01  -7.8848009e-01  -8.5980612e-01
   8.9364304e-02  -2.8248872e-01  -4.2886561e-01  -4.9580299e-01  -6.0866309e-01  -6.7610119e-01  -7.4542830e-01  -8.1515019e-01
   1.2432221e-01  -2.4112548e-01  -3.8597894e-01  -4.4854878e-01  -5.6292678e-01  -6.2754840e-01  -6.9335007e-01  -7.6044088e-01
   1.5931621e-01  -1.9846630e-01  -3.4060666e-01  -3.9709714e-01  -5.1168381e-01  -5.7189133e-01  -6.3307813e-01  -6.9640051e-01
   1.9422766e-01  -1.5484760e-01  -2.9254207e-01  -3.4224160e-01  -4.5497107e-01  -5.0941271e-01  -5.6525841e-01  -6.2318471e-01
   2.2895188e-01  -1.1058553e-01  -2.4203638e-01  -2.8459340e-01  -3.9335936e-01  -4.4094827e-01  -4.9039315e-01  -5.4132987e-01
   2.6339649e-01  -6.5949883e-02  -1.8995478e-01  -2.2437844e-01  -3.2758162e-01  -3.6750074e-01  -4.0933215e-01  -4.5246015e-01
   2.9770191e-01  -2.1037367e-02  -1.3665343e-01  -1.6177264e-01  -2.5858001e-01  -2.9003444e-01  -3.2307427e-01  -3.5805286e-01
   3.3196539e-01   2.4225546e-02  -8.2359457e-02  -9.7381650e-02  -1.8698148e-01  -2.0917096e-01  -2.3293360e-01  -2.5905995e-01
   3.6606535e-01   6.9482531e-02  -2.7303193e-02  -3.2205186e-02  -1.1327330e-01  -1.2557292e-01  -1.3992924e-01  -1.5629448e-01
   3.9986739e-01   1.1426728e-01   2.8202926e-02   3.2840497e-02  -3.8226950e-02  -4.0420597e-02  -4.4906873e-02  -5.1111543e-02
   4.3328665e-01   1.5825672e-01   8.3444919e-02   9.7506316e-02   3.7129785e-02   4.5097303e-02   5.0874463e-02   5.4704422e-02
   4.6649752e-01   2.0158865e-01   1.3781224e-01   1.6159123e-01   1.1184524e-01   1.2988184e-01   1.4608554e-01   1.5955095e-01
   4.9954169e-01   2.4423411e-01   1.9102803e-01   2.2437888e-01   1.8525832e-01   2.1328085e-01   2.3930669e-01   2.6208051e-01
   5.3225874e-01   2.8581405e-01   2.4300717e-01   2.8495857e-01   2.5685946e-01   2.9461176e-01   3.2937579e-01   3.6137307e-01
   5.6454531e-01   3.2596223e-01   2.9340783e-01   3.4244564e-01   3.2592384e-01   3.7263566e-01   4.1560283e-01   4.5630588e-01
   5.9636513e-01   3.6450840e-01   3.4161107e-01   3.9677947e-01   3.9149718e-01   4.4614210e-01   4.9695564e-01   5.4534463e-01
   6.2786907e-01   4.0155671e-01   3.8713829e-01   4.4789115e-01   4.5269610e-01   5.1428418e-01   5.7218593e-01   6.2679961e-01
   6.5912259e-01   4.3708364e-01   4.2984578e-01   4.9537516e-01   5.0907959e-01   5.7678400e-01   6.4023028e-01   6.9978265e-01
   6.8993953e-01   4.7100148e-01   4.6994980e-01   5.3856281e-01   5.6055752e-01   6.3306128e-01   7.0010636e-01   7.6405358e-01
   7.2019398e-01   5.0307496e-01   5.0715332e-01   5.7671687e-01   6.0662445e-01   6.8222094e-01   7.5163498e-01   8.1893660e-01
   7.4995098e-01   5.3307809e-01   5.4093843e-01   6.1002404e-01   6.4664340e-01   7.2371118e-01   7.9475133e-01   8.6339473e-01
   7.7941306e-01   5.6111635e-01   5.7117180e-01   6.3881933e-01   6.8014748e-01   7.5719411e-01   8.2852703e-01   8.9662954e-01
   8.0854854e-01   5.8754721e-01   5.9792961e-01   6.6286657e-01   7.0698709e-01   7.8272232e-01   8.5249672e-01   9.1858532e-01
   8.3707977e-01   6.1239457e-01   6.2141113e-01   6.8178574e-01   7.2759691e-01   8.0052499e-01   8.6674095e-01   9.2972056e-01
   8.6499709e-01   6.3546137e-01   6.4181722e-01   6.9548932e-01   7.4196773e-01   8.1039883e-01   8.7145490e-01   9.3019782e-01
   8.9226583e-01   6.5672964e-01   6.5895737e-01   7.0449814e-01   7.4988798e-01   8.1214784e-01   8.6699161e-01   9.1973742e-01
   9.1903641e-01   6.7634380e-01   6.7275974e-01   7.0946696e-01   7.5171211e-01   8.0605612e-01   8.5353252e-01   8.9833290e-01
   9.4534492e-01   6.9481493e-01   6.8368144e-01   7.1054578e-01   7.4762991e-01   7.9288235e-01   8.3137216e-01   8.6683611e-01
   9.7102599e-01   7.1212754e-01   6.9208869e-01   7.0772230e-01   7.3814667e-01   7.7345045e-01   8.0130775e-01   8.2665359e-01
   9.9594929e-01   7.2817102e-01   6.9831783e-01   7.0125612e-01   7.2398776e-01   7.4812448e-01   7.6435081e-01   7.7872021e-01
   1.0201547e+00   7.4322376e-01   7.0249760e-01   6.9191555e-01   7.0560368e-01   7.1734681e-01   7.2127598e-01   7.2363124e-01
   1.0438134e+00   7.5754110e-01   7.0463641e-01   6.8047969e-01   6.8340570e-01   6.8199449e-01   6.7282721e-01   6.6190353e-01
   1.0669007e+00   7.7146487e-01   7.0530099e-01   6.6738211e-01   6.5799641e-01   6.4307795e-01   6.1990509e-01   5.9476056e-01
   1.0893462e+00   7.8505373e-01   7.0519036e-01   6.5291993e-01   6.3033449e-01   6.0145400e-01   5.6365259e-01   5.2432933e-01
   1.1110017e+00   7.9831670e-01   7.0474341e-01   6.3750965e-01   6.0134790e-01   5.5796130e-01   5.0554316e-01   4.5208438e-01
   1.1319095e+00   8.1137988e-01   7.0395217e-01   6.2193197e-01   5.7161778e-01   5.1351982e-01   4.4670836e-01   3.7877642e-01
   1.1522144e+00   8.2458870e-01   7.0292203e-01   6.0703286e-01   5.4184664e-01   4.6909226e-01   3.8797087e-01   3.0535105e-01
   1.1719632e+00   8.3829011e-01   7.0219609e-01   5.9326023e-01   5.1266267e-01   4.2579734e-01   3.3050602e-01   2.3350939e-01
   1.1910309e+00   8.5249137e-01   7.0258283e-01   5.8092679e-01   4.8493661e-01   3.8487619e-01   2.7559153e-01   1.6512255e-01
   1.2091218e+00   8.6714398e-01   7.0455980e-01   5.7045656e-01   4.5978498e-01   3.4705293e-01   2.2442792e-01   1.0150350e-01
   1.2262173e+00   8.8229891e-01   7.0795950e-01   5.6243431e-01   4.3768927e-01   3.1273072e-01   1.7817729e-01   4.3362465e-02
   1.2425939e+00   8.9827294e-01   7.1278635e-01   5.5758287e-01   4.1900321e-01   2.8269687e-01   1.3765709e-01  -8.6826912e-03
   1.2583479e+00   9.1540645e-01   7.1942898e-01   5.5637084e-01   4.0441431e-01   2.5809502e-01   1.0349179e-01  -5.3324655e-02
   1.2734328e+00   9.3346100e-01   7.2856551e-01   5.5868693e-01   3.9459178e-01   2.3972640e-01   7.6482880e-02  -8.8917105e-02
   1.2875889e+00   9.5213873e-01   7.4036089e-01   5.6441291e-01   3.8993851e-01   2.2790028e-01   5.7366730e-02  -1.1465485e-01
   1.3007838e+00   9.7153575e-01   7.5448703e-01   5.7405262e-01   3.9062847e-01   2.2282793e-01   4.6717440e-02  -1.3046976e-01
   1.3132410e+00   9.9192052e-01   7.7087436e-01   5.8817596e-01   3.9684280e-01   2.2468128e-01   4.4893841e-02  -1.3630101e-01
   1.3250103e+00   1.0133866e+00   7.8961802e-01   6.0679853e-01   4.0872974e-01   2.3405300e-01   5.1976042e-02  -1.3187964e-01
   1.3359131e+00   1.0356433e+00   8.1108007e-01   6.2945172e-01   4.2641316e-01   2.5130731e-01   6.7964599e-02  -1.1646981e-01
   1.3457660e+00   1.0584141e+00   8.3530468e-01   6.5570796e-01   4.5001063e-01   2.7584573e-01   9.3160267e-02  -9.0023206e-02
   1.3546175e+00   1.0816019e+00   8.6176182e-01   6.8573176e-01   4.7917832e-01   3.0720485e-01   1.2742542e-01  -5.3351064e-02
   1.3625030e+00   1.1052623e+00   8.9000182e-01   7.1960682e-01   5.1332340e-01   3.4512687e-01   1.6989898e-01  -7.2686177e-03
   1.3695183e+00   1.1294133e+00   9.2002204e-01   7.5683578e-01   5.5232324e-01   3.8949424e-01   2.1980328e-01   4.7874404e-02
   1.3755811e+00   1.1536267e+00   9.5196571e-01   7.9684491e-01   5.9617070e-01   4.4015502e-01   2.7657786e-01   1.1187183e-01
   1.3805047e+00   1.1776214e+00   9.8541335e-01   8.3890978e-01   6.4420632e-01   4.9622322e-01   3.4013685e-01   1.8396267e-01
   1.3843422e+00   1.2012129e+00   1.0196790e+00   8.8271001e-01   6.9562630e-01   5.5649158e-01   4.0971386e-01   2.6254297e-01
   1.3873188e+00   1.2243136e+00   1.0542878e+00   9.2823612e-01   7.4958770e-01   6.2014182e-01   4.8364052e-01   3.4605408e-01
   1.3894321e+00   1.2469487e+00   1.0891616e+00   9.7489793e-01   8.0564471e-01   6.8672427e-01   5.6071564e-01   4.3360599e-01
   1.3904164e+00   1.2687270e+00   1.1241774e+00   1.0217067e+00   8.6330511e-01   7.5547886e-01   6.4009436e-01   5.2453487e-01
   1.3902061e+00   1.2892901e+00   1.1588035e+00   1.0678465e+00   9.2164010e-01   8.2522874e-01   7.2090870e-01   6.1771698e-01
   1.3890123e+00   1.3083928e+00   1.1924231e+00   1.1130016e+00   9.7974853e-01   8.9460754e-01   8.0195842e-01   7.1109578e-01
   1.3872025e+00   1.3259754e+00   1.2244881e+00   1.1568579e+00   1.0367755e+00   9.6265340e-01   8.8200457e-01   8.0285906e-01
   1.3848831e+00   1.3419874e+00   1.2547019e+00   1.1986699e+00   1.0920127e+00   1.0288582e+00   9.5970693e-01   8.9198452e-01
   1.3818029e+00   1.3560147e+00   1.2830274e+00   1.2375820e+00   1.1446230e+00   1.0925877e+00   1.0337151e+00   9.7766297e-01
   1.3778474e+00   1.3677734e+00   1.3090281e+00   1.2730396e+00   1.1939788e+00   1.1525586e+00   1.1035129e+00   1.0586551e+00
   1.3732290e+00   1.3771440e+00   1.3320083e+00   1.3047026e+00   1.2394552e+00   1.2075335e+00   1.1683760e+00   1.1332748e+00
   1.3681250e+00   1.3842982e+00   1.3515037e+00   1.3322678e+00   1.2801695e+00   1.2569901e+00   1.2269556e+00   1.2002274e+00
   1.3623940e+00   1.3892006e+00   1.3673135e+00   1.3553507e+00   1.3154433e+00   1.3005130e+00   1.2782942e+00   1.2588557e+00
   1.3558438e+00   1.3915292e+00   1.3795349e+00   1.3732130e+00   1.3448059e+00   1.3371618e+00   1.3215688e+00   1.3088198e+00
   1.3483799e+00   1.3913074e+00   1.3880829e+00   1.3853908e+00   1.3678577e+00   1.3655131e+00   1.3561862e+00   1.3492413e+00
   1.3401980e+00   1.3885673e+00   1.3924549e+00   1.3919561e+00   1.3839945e+00   1.3848895e+00   1.3814307e+00   1.3786771e+00
   1.3313988e+00   1.3837795e+00   1.3925628e+00   1.3931561e+00   1.3927714e+00   1.3951772e+00   1.3963783e+00   1.3961759e+00
   1.3218811e+00   1.3773015e+00   1.3889489e+00   1.3892919e+00   1.3944613e+00   1.3969513e+00   1.4008353e+00   1.4015918e+00
   1.3115770e+00   1.3688446e+00   1.3821237e+00   1.3804437e+00   1.3896690e+00   1.3912526e+00   1.3953598e+00   1.3957066e+00
   1.3003602e+00   1.3583583e+00   1.3721706e+00   1.3664560e+00   1.3785753e+00   1.3779440e+00   1.3803193e+00   1.3786959e+00
