   6.7298573e+01   1.4800623e+02   1.8221121e+02   1.5911123e+02   1.9509374e+02   1.8336125e+02   1.8445185e+02   1.7278713e+02
   5.7663983e+01   1.2155227e+02   1.4230744e+02   1.1598438e+02   1.3920473e+02   1.2427758e+02   1.1810975e+02   1.0627810e+02
   4.8576572e+01   9.7792168e+01   1.0880624e+02   8.3068856e+01   9.6198701e+01   8.0798681e+01   7.2166443e+01   6.0560078e+01
   4.0202636e+01   7.8289658e+01   8.2095601e+01   5.7075312e+01   6.2892081e+01   4.8920402e+01   4.0149120e+01   2.9840351e+01
   3.2958816e+01   6.2581612e+01   6.0292585e+01   3.6895075e+01   3.9113772e+01   2.6327045e+01   1.7376369e+01   8.6948165e+00
   2.6418636e+01   4.8546383e+01   4.2593402e+01   2.1507995e+01   2.0785970e+01   9.0186890e+00   6.2851168e-01  -6.7957723e+00
   2.0363941e+01   3.7010993e+01   2.8111119e+01   8.3865110e+00   6.7682219e+00  -3.4232971e+00  -1.0616001e+01  -1.6151597e+01
   1.4798307e+01   2.6987487e+01   1.7214094e+01  -1.0254437e+00  -3.4359851e+00  -1.2306257e+01  -1.8529579e+01  -2.3015132e+01
   9.3033059e+00   1.8659151e+01   7.4176807e+00  -8.3327392e+00  -1.1886408e+01  -1.8899979e+01  -2.3644893e+01  -2.6597799e+01
   4.5012148e+00   1.1195388e+01   2.7668026e-01  -1.4450911e+01  -1.7688773e+01  -2.3293476e+01  -2.6422295e+01  -2.8497614e+01
   2.5524032e-01   4.8456456e+00  -6.5344048e+00  -1.8642346e+01  -2.2514804e+01  -2.6058361e+01  -2.8201111e+01  -2.8978827e+01
  -3.0680460e+00   1.3564169e-01  -1.1346331e+01  -2.1960268e+01  -2.5148955e+01  -2.7492263e+01  -2.8551590e+01  -2.9419706e+01
  -6.8938038e+00  -4.5189297e+00  -1.5352694e+01  -2.3735011e+01  -2.6627361e+01  -2.8291966e+01  -2.9146846e+01  -2.9721507e+01
  -1.0471902e+01  -8.5100954e+00  -1.8876254e+01  -2.5931759e+01  -2.7356134e+01  -2.9093059e+01  -2.8917366e+01  -2.8830012e+01
  -1.2756270e+01  -1.0964341e+01  -2.0920115e+01  -2.6775768e+01  -2.8155836e+01  -2.7977648e+01  -2.8693450e+01  -2.9766012e+01
  -1.5416150e+01  -1.4373462e+01  -2.2825395e+01  -2.7009123e+01  -2.8585589e+01  -2.8675823e+01  -2.8477878e+01  -2.9261156e+01
  -1.7367921e+01  -1.6691807e+01  -2.4129854e+01  -2.7170951e+01  -2.8023711e+01  -2.7926188e+01  -2.8623910e+01  -2.9564348e+01
  -1.9609374e+01  -1.8072265e+01  -2.5223311e+01  -2.7133399e+01  -2.7606475e+01  -2.8371240e+01  -2.9112077e+01  -2.9914826e+01
  -2.1079237e+01  -1.9642267e+01  -2.6027981e+01  -2.7235324e+01  -2.8158618e+01  -2.8479722e+01  -2.9320695e+01  -2.9747932e+01
  -2.2522278e+01  -2.1238197e+01  -2.6190703e+01  -2.7573285e+01  -2.7927747e+01  -2.8305873e+01  -2.8519601e+01  -2.9907872e+01
  -2.3966213e+01  -2.2369206e+01  -2.5997582e+01  -2.7731537e+01  -2.7858208e+01  -2.8535353e+01  -2.8411120e+01  -3.0088675e+01
  -2.4356925e+01  -2.3097880e+01  -2.6548334e+01  -2.7233536e+01  -2.7527200e+01  -2.8333689e+01  -2.8824184e+01  -2.9772966e+01
  -2.5335045e+01  -2.3620022e+01  -2.6589461e+01  -2.7142340e+01  -2.7118309e+01  -2.7891419e+01  -2.8555762e+01  -3.0123444e+01
  -2.5512967e+01  -2.3961560e+01  -2.5926950e+01  -2.6884846e+01  -2.7103010e+01  -2.7924798e+01  -2.8092630e+01  -2.8696497e+01
  -2.6452642e+01  -2.4938788e+01  -2.5912645e+01  -2.6808849e+01  -2.7115527e+01  -2.6858064e+01  -2.7466776e+01  -2.7973288e+01
  -2.6857659e+01  -2.5103299e+01  -2.6220207e+01  -2.6297437e+01  -2.6986184e+01  -2.5912329e+01  -2.4818717e+01  -2.4029015e+01
  -2.6847824e+01  -2.5425167e+01  -2.6483066e+01  -2.5862915e+01  -2.5556455e+01  -2.2974986e+01  -2.0319522e+01  -1.7967965e+01
  -2.7690939e+01  -2.5686238e+01  -2.6039604e+01  -2.3904886e+01  -2.2043327e+01  -1.8422939e+01  -1.5309907e+01  -1.1404841e+01
  -2.7509442e+01  -2.5866842e+01  -2.5590777e+01  -2.1819897e+01  -1.8627554e+01  -1.3677573e+01  -9.0694459e+00  -4.9752319e+00
  -2.7438810e+01  -2.6291529e+01  -2.5861682e+01  -1.8511811e+01  -1.4060209e+01  -7.5469820e+00  -2.6314930e+00   1.2527135e+00
  -2.7475467e+01  -2.6524884e+01  -2.5278744e+01  -1.4973947e+01  -9.7793658e+00  -2.8628098e+00   3.0554350e+00   6.7671852e+00
  -2.7394106e+01  -2.6288847e+01  -2.5218841e+01  -1.1821429e+01  -4.4818571e+00   2.7072945e+00   8.2681048e+00   1.2269140e+01
  -2.7979726e+01  -2.6783273e+01  -2.4719945e+01  -7.7900341e+00  -2.1770322e-01   7.5291553e+00   1.2291652e+01   1.5669616e+01
  -2.7783923e+01  -2.6486439e+01  -2.3951038e+01  -4.8690829e+00   4.2216901e+00   1.1604163e+01   1.6063466e+01   1.8982471e+01
  -2.7943963e+01  -2.6867316e+01  -2.3914381e+01  -1.5645724e+00   7.9350925e+00   1.4722310e+01   1.8539067e+01   2.0659761e+01
  -2.7741008e+01  -2.7291109e+01  -2.3160674e+01   1.1534233e+00   1.0898861e+01   1.6716700e+01   2.0212184e+01   2.2025515e+01
  -2.8326628e+01  -2.7254452e+01  -2.3775799e+01   3.1606275e+00   1.3418968e+01   1.8633205e+01   2.1416606e+01   2.3254971e+01
  -2.7987773e+01  -2.7087259e+01  -2.4295258e+01   5.7275242e+00   1.5834766e+01   2.0224267e+01   2.2334526e+01   2.4489990e+01
  -2.7749948e+01  -2.7447573e+01  -2.5853636e+01   6.9837032e+00   1.6893155e+01   2.2208921e+01   2.3864391e+01   2.4954513e+01
  -2.8339145e+01  -2.7400187e+01  -2.6210373e+01   7.5594892e+00   1.8623295e+01   2.2930740e+01   2.4262157e+01   2.6245164e+01
  -2.8348086e+01  -2.7496748e+01  -2.6653835e+01   8.4750247e+00   1.8734558e+01   2.3263138e+01   2.5679369e+01   2.7103280e+01
  -2.7974362e+01  -2.7570062e+01  -2.6818345e+01   8.3811466e+00   2.0050243e+01   2.4029463e+01   2.6623713e+01   2.8759709e+01
  -2.8076287e+01  -2.7528934e+01  -2.7139319e+01   6.9336349e+00   2.0888888e+01   2.4539882e+01   2.7035386e+01   3.0167186e+01
  -2.8522431e+01  -2.7699703e+01  -2.7296677e+01   3.6192893e+00   2.0952864e+01   2.4498158e+01   2.8078477e+01   3.2598283e+01
  -2.8892579e+01  -2.7728314e+01  -2.7097298e+01  -1.5180804e+00   2.0058588e+01   2.4752672e+01   2.9282898e+01   3.4849968e+01
  -2.9041890e+01  -2.7922329e+01  -2.7430788e+01  -6.0644646e+00   1.7304828e+01   2.4115692e+01   2.9184153e+01   3.5365951e+01
  -2.8980199e+01  -2.8053759e+01  -2.8002998e+01  -1.2459801e+01   1.2960008e+01   2.0691571e+01   2.9211968e+01   3.6261618e+01
  -2.9032055e+01  -2.8116344e+01  -2.7865310e+01  -1.7733964e+01   7.7167389e+00   1.5946203e+01   2.3682198e+01   3.1581617e+01
  -2.9207295e+01  -2.8156578e+01  -2.7808089e+01  -2.3585700e+01   5.7226400e-01   8.7433130e+00   1.5361119e+01   2.3199339e+01
  -2.9717813e+01  -2.8555337e+01  -2.8196119e+01  -2.7450797e+01  -5.4595806e+00   1.5153895e+00   7.8383516e+00   1.2762870e+01
  -2.9902887e+01  -2.8786903e+01  -2.8064689e+01  -2.8065922e+01  -1.1295324e+01  -5.5525928e+00  -1.4548872e+00   2.2916316e+00
  -2.9439755e+01  -2.8336288e+01  -2.8501893e+01  -2.8442329e+01  -1.6527465e+01  -1.1021169e+01  -8.2530540e+00  -6.6539120e+00
  -3.0088855e+01  -2.8506162e+01  -2.8602924e+01  -2.8433388e+01  -2.0637241e+01  -1.5780443e+01  -1.4442056e+01  -1.3360288e+01
  -2.9813479e+01  -2.8625075e+01  -2.8432155e+01  -2.9042254e+01  -2.4308919e+01  -1.9532788e+01  -1.8963504e+01  -1.8413017e+01
  -3.0214026e+01  -2.9165993e+01  -2.8737930e+01  -2.8807112e+01  -2.7780324e+01  -2.2539670e+01  -2.0809079e+01  -2.1073593e+01
  -3.0285552e+01  -2.9242883e+01  -2.9577469e+01  -2.8967152e+01  -2.9607818e+01  -2.5400519e+01  -2.2806249e+01  -2.3681319e+01
  -3.0279293e+01  -2.8893299e+01  -2.9272588e+01  -2.9230905e+01  -2.9762195e+01  -2.7255829e+01  -2.4419561e+01  -2.4645134e+01
  -3.0244424e+01  -2.9237519e+01  -2.9494320e+01  -2.9550090e+01  -2.9205880e+01  -2.9123656e+01  -2.6166390e+01  -2.5775844e+01
  -3.0887266e+01  -2.9628231e+01  -2.9158146e+01  -3.0252835e+01  -2.9649541e+01  -3.0009588e+01  -2.8228927e+01  -2.6657603e+01
  -3.0879219e+01  -2.9907184e+01  -2.9632902e+01  -3.0235848e+01  -2.9675966e+01  -3.0810681e+01  -2.9675345e+01  -2.7550488e+01
  -3.1573917e+01  -3.0038613e+01  -2.9865362e+01  -3.0444168e+01  -3.0778861e+01  -3.1173677e+01  -3.0650287e+01  -2.9423878e+01
  -3.1296753e+01  -3.0354223e+01  -3.0085305e+01  -3.0711497e+01  -3.0504876e+01  -3.0385100e+01  -3.1014673e+01  -3.1571253e+01
  -3.1897573e+01  -3.0415021e+01  -3.0070105e+01  -3.0935910e+01  -3.0981915e+01  -3.1429581e+01  -3.2634940e+01  -3.2425197e+01
  -3.2552932e+01  -3.0234417e+01  -3.0220311e+01  -3.1341821e+01  -3.1806652e+01  -3.1525546e+01  -3.1907558e+01  -3.2886938e+01
  -3.3235113e+01  -3.1315358e+01  -3.0734405e+01  -3.1938171e+01  -3.1634195e+01  -3.1930265e+01  -3.2283071e+01  -3.3482195e+01
  -3.3976303e+01  -3.1318040e+01  -3.1387082e+01  -3.1757567e+01  -3.2315680e+01  -3.2895471e+01  -3.3509745e+01  -3.5166438e+01
  -3.4521691e+01  -3.1198234e+01  -3.1717890e+01  -3.2276132e+01  -3.2908155e+01  -3.3430924e+01  -3.4378987e+01  -3.5757522e+01
  -3.5464048e+01  -3.1988599e+01  -3.1770641e+01  -3.2660586e+01  -3.2671722e+01  -3.3843988e+01  -3.6074356e+01  -3.7909070e+01
  -3.6190933e+01  -3.1821407e+01  -3.2127378e+01  -3.3364224e+01  -3.3866408e+01  -3.5250074e+01  -3.6769750e+01  -3.9653117e+01
  -3.6874902e+01  -3.2397193e+01  -3.2459975e+01  -3.4194822e+01  -3.4602134e+01  -3.6415553e+01  -3.8511015e+01  -4.2380450e+01
  -3.8203501e+01  -3.2898772e+01  -3.2872145e+01  -3.4401354e+01  -3.5648006e+01  -3.8055291e+01  -4.0643091e+01  -4.5234345e+01
  -3.9157482e+01  -3.2882678e+01  -3.3585618e+01  -3.4698188e+01  -3.6019346e+01  -3.8971820e+01  -4.2049177e+01  -4.7498546e+01
  -4.0568336e+01  -3.3331506e+01  -3.3945038e+01  -3.5070124e+01  -3.6606258e+01  -4.0223528e+01  -4.3925349e+01  -4.9200869e+01
  -4.2334138e+01  -3.3901928e+01  -3.3807350e+01  -3.5902510e+01  -3.8360041e+01  -4.0795142e+01  -4.4942014e+01  -5.0533243e+01
  -4.4147327e+01  -3.4548347e+01  -3.4437674e+01  -3.6498860e+01  -3.8095791e+01  -4.1299997e+01  -4.5067185e+01  -5.0828090e+01
  -4.5868426e+01  -3.5125922e+01  -3.4870408e+01  -3.5984765e+01  -3.8946953e+01  -4.1878565e+01  -4.4284172e+01  -4.5711385e+01
  -4.7596678e+01  -3.5646276e+01  -3.5491792e+01  -3.6754566e+01  -3.8444879e+01  -3.9721454e+01  -3.7900459e+01  -3.6103828e+01
  -5.0319143e+01  -3.5991391e+01  -3.5795778e+01  -3.6806422e+01  -3.7219595e+01  -3.4649254e+01  -3.0141259e+01  -2.4269622e+01
  -5.2965612e+01  -3.6585953e+01  -3.6085459e+01  -3.5341924e+01  -3.3436655e+01  -2.7266955e+01  -1.9536509e+01  -1.2493827e+01
  -5.5663043e+01  -3.7098260e+01  -3.6268745e+01  -3.3318627e+01  -2.8102986e+01  -1.9050184e+01  -9.7578855e+00  -2.7152026e+00
  -5.8775326e+01  -3.8053137e+01  -3.6559320e+01  -2.8864333e+01  -2.2516195e+01  -1.1516289e+01  -1.6412527e+00   5.6336935e+00
  -6.1727570e+01  -3.8596737e+01  -3.6907116e+01  -2.5435546e+01  -1.6078241e+01  -4.4316181e+00   5.3349349e+00   1.2292784e+01
  -6.5736612e+01  -3.9237791e+01  -3.6687173e+01  -2.0796179e+01  -9.8655946e+00   1.6252617e+00   1.1316710e+01   1.7198091e+01
  -7.0028184e+01  -3.9639233e+01  -3.6046120e+01  -1.7154601e+01  -4.6390161e+00   6.9464153e+00   1.5487681e+01   2.1149319e+01
  -7.4969749e+01  -4.0754149e+01  -3.5405066e+01  -1.2754846e+01   4.1927738e-01   1.1391373e+01   1.8519596e+01   2.2726472e+01
  -7.9828165e+01  -4.0957105e+01  -3.5226251e+01  -9.0301196e+00   4.1229442e+00   1.4515082e+01   2.0974336e+01   2.3768172e+01
  -8.5475158e+01  -4.1727801e+01  -3.4448403e+01  -6.5687243e+00   7.2063199e+00   1.6907237e+01   2.2376249e+01   2.4642977e+01
  -9.1529850e+01  -4.2442170e+01  -3.3741188e+01  -4.0197093e+00   1.0594278e+01   1.9193693e+01   2.3052172e+01   2.5590103e+01
  -9.8179998e+01  -4.3237901e+01  -3.4147099e+01  -2.0411157e+00   1.2208983e+01   2.0779191e+01   2.3835185e+01   2.6434312e+01
  -1.0551322e+02  -4.4224070e+01  -3.5059058e+01  -2.0289232e-01   1.4135223e+01   2.1501010e+01   2.4915827e+01   2.6076879e+01
  -1.1332209e+02  -4.5330046e+01  -3.6196325e+01   1.5298300e+00   1.5514885e+01   2.2232565e+01   2.5324718e+01   2.6145028e+01
  -1.2143942e+02  -4.6405623e+01  -3.6388551e+01   2.1485317e+00   1.6224186e+01   2.2740202e+01   2.4801782e+01   2.6317485e+01
  -1.3115179e+02  -4.7827209e+01  -3.6660351e+01   2.5133153e+00   1.7463378e+01   2.3521825e+01   2.4477729e+01   2.6107476e+01
  -1.4087220e+02  -4.9250583e+01  -3.6734559e+01   2.7162709e+00   1.7969625e+01   2.3667858e+01   2.4565348e+01   2.6314704e+01
  -1.5181751e+02  -5.1179112e+01  -3.8151672e+01   3.4038232e-02   1.8286724e+01   2.3090681e+01   2.5278822e+01   2.6541402e+01
  -1.6377044e+02  -5.3376759e+01  -3.8351052e+01  -2.9620156e+00   1.7972406e+01   2.2656755e+01   2.4928344e+01   2.5181212e+01
  -1.7636174e+02  -5.5114849e+01  -3.9164662e+01  -7.5888667e+00   1.6560757e+01   2.2354954e+01   2.4490246e+01   2.5882169e+01
  -1.9016810e+02  -5.7555686e+01  -3.9619747e+01  -1.3038269e+01   1.3652620e+01   2.0469045e+01   2.3205158e+01   2.4392635e+01
  -2.0412109e+02  -6.1365359e+01  -4.0842845e+01  -1.9286082e+01   8.2521921e+00   1.6668022e+01   1.9753225e+01   2.1377408e+01
  -2.1891453e+02  -6.4827235e+01  -4.2130317e+01  -2.6137397e+01   3.6445133e+00   1.2331545e+01   1.4790896e+01   1.6839268e+01
  -2.3397887e+02  -6.8796054e+01  -4.4011456e+01  -3.2091058e+01  -2.7350283e+00   6.4888461e+00   9.0316469e+00   1.0639137e+01
  -2.4985505e+02  -7.3069756e+01  -4.5855044e+01  -3.7021895e+01  -8.7793898e+00   9.7159153e-01   3.5380381e+00   4.0829656e+00
  -2.6529224e+02  -7.8908098e+01  -4.8248489e+01  -3.8821673e+01  -1.4872429e+01  -4.8168662e+00  -2.1767057e+00  -2.2618060e+00
  -2.7973790e+02  -8.5290041e+01  -5.0233341e+01  -4.1671097e+01  -2.0945996e+01  -1.0580289e+01  -7.9137020e+00  -7.4522239e+00
  -2.9309995e+02  -9.2618818e+01  -5.4160129e+01  -4.3614821e+01  -2.6848496e+01  -1.5570435e+01  -1.2073546e+01  -1.2538333e+01
  -3.0558937e+02  -1.0142730e+02  -5.7904525e+01  -4.5687292e+01  -3.3617457e+01  -2.0730255e+01  -1.6067886e+01  -1.6766325e+01
  -3.1592943e+02  -1.1080442e+02  -6.3344986e+01  -4.9096409e+01  -3.8782840e+01  -2.5844180e+01  -1.9834137e+01  -1.9307293e+01
  -3.2290328e+02  -1.2203318e+02  -6.9069763e+01  -5.3086676e+01  -4.2040063e+01  -3.0963668e+01  -2.3970337e+01  -2.2212648e+01
  -3.2661730e+02  -1.3621332e+02  -7.6243840e+01  -5.9102923e+01  -4.5407158e+01  -3.7074786e+01  -2.7459822e+01  -2.4195910e+01
  -3.2646977e+02  -1.5078596e+02  -8.5600359e+01  -6.5804032e+01  -4.8927240e+01  -4.3191468e+01  -3.2301151e+01  -2.7336307e+01
  -3.1964256e+02  -1.6856301e+02  -9.6485750e+01  -7.3904373e+01  -5.4334620e+01  -4.8423609e+01  -3.8925469e+01  -3.1454427e+01
  -3.0699040e+02  -1.8809784e+02  -1.0937388e+02  -8.4875596e+01  -6.1086890e+01  -5.3545877e+01  -4.6652682e+01  -3.7180297e+01
  -2.8988394e+02  -2.1010395e+02  -1.2489148e+02  -9.8073967e+01  -6.9071398e+01  -6.0889232e+01  -5.3264484e+01  -4.5494422e+01
  -2.6933706e+02  -2.3337968e+02  -1.4362956e+02  -1.1490676e+02  -8.0797123e+01  -7.0283998e+01  -6.0923548e+01  -5.4377378e+01
  -2.4861049e+02  -2.5783295e+02  -1.6602531e+02  -1.3562702e+02  -9.5714705e+01  -8.2937378e+01  -7.1383659e+01  -6.4584364e+01
  -2.2732603e+02  -2.8191522e+02  -1.9160756e+02  -1.6081498e+02  -1.1468226e+02  -1.0094668e+02  -8.6580792e+01  -7.8425476e+01
  -2.0691151e+02  -3.0402248e+02  -2.2072859e+02  -1.9188242e+02  -1.3847724e+02  -1.2464430e+02  -1.0775831e+02  -9.6864531e+01
  -1.8689309e+02  -3.2158689e+02  -2.5267493e+02  -2.2692049e+02  -1.6875470e+02  -1.5417906e+02  -1.3583694e+02  -1.2341605e+02
  -1.6722694e+02  -3.3191544e+02  -2.8497178e+02  -2.6524076e+02  -2.0641865e+02  -1.9386381e+02  -1.7419490e+02  -1.5867670e+02
  -1.4956532e+02  -3.3442337e+02  -3.1285905e+02  -3.0123200e+02  -2.4934123e+02  -2.4192393e+02  -2.2267508e+02  -2.0609008e+02
  -1.3247681e+02  -3.1971020e+02  -3.3177066e+02  -3.2969780e+02  -2.9282713e+02  -2.9370727e+02  -2.8085335e+02  -2.6523903e+02
  -1.1670797e+02  -2.9097592e+02  -3.3863185e+02  -3.4272549e+02  -3.2864008e+02  -3.3890946e+02  -3.3710830e+02  -3.2627402e+02
  -1.0297315e+02  -2.5574258e+02  -3.2264209e+02  -3.2539458e+02  -3.4673991e+02  -3.5932635e+02  -3.7481845e+02  -3.6763632e+02
  -8.9584338e+01  -2.1738717e+02  -2.8383361e+02  -2.7625047e+02  -3.2902673e+02  -3.3628503e+02  -3.6962798e+02  -3.6113712e+02
  -7.7742283e+01  -1.8168816e+02  -2.3415050e+02  -2.1785363e+02  -2.7041867e+02  -2.6724189e+02  -2.8701457e+02  -2.7140441e+02
  -6.6913218e+01  -1.4957001e+02  -1.8654708e+02  -1.6382802e+02  -2.0191806e+02  -1.9154398e+02  -1.9392047e+02  -1.7566240e+02
  -5.7062274e+01  -1.2260271e+02  -1.4470513e+02  -1.1983581e+02  -1.4332136e+02  -1.2887368e+02  -1.2259524e+02  -1.0660839e+02
  -4.8160840e+01  -9.9221602e+01  -1.1057462e+02  -8.4562669e+01  -9.8547738e+01  -8.3603565e+01  -7.4401667e+01  -6.0976662e+01
  -3.9967516e+01  -7.9286294e+01  -8.2713383e+01  -5.7659882e+01  -6.5196666e+01  -5.0207988e+01  -4.1093706e+01  -2.9646404e+01
  -3.2341036e+01  -6.2463288e+01  -6.0628779e+01  -3.6770659e+01  -4.0117995e+01  -2.6310094e+01  -1.7828622e+01  -8.5370379e+00
  -2.5266201e+01  -4.8731123e+01  -4.2474537e+01  -2.0853400e+01  -2.1290911e+01  -9.9502627e+00  -1.0473867e+00   6.2192150e+00
  -1.9620103e+01  -3.6492969e+01  -2.8458978e+01  -8.9791572e+00  -6.7697022e+00   3.7267418e+00   1.0786820e+01   1.6348320e+01
  -1.3703992e+01  -2.7113188e+01  -1.6601720e+01   9.5851442e-01   4.7501893e+00   1.3612461e+01   1.8771329e+01   2.3293913e+01
  -8.5880807e+00  -1.8146473e+01  -7.1799289e+00   8.7003323e+00   1.2329981e+01   1.9496885e+01   2.3893598e+01   2.7342496e+01
  -4.0667306e+00  -1.1093088e+01   4.7158924e-01   1.4828341e+01   1.8948739e+01   2.4253380e+01   2.7978340e+01   2.9048992e+01
   2.6060478e-01  -4.4411449e+00   6.7685801e+00   1.9233461e+01   2.2607902e+01   2.6598248e+01   2.8740491e+01   2.8897397e+01
   4.1257022e+00   1.1450560e+00   1.1390963e+01   2.2637215e+01   2.5368615e+01   2.8841590e+01   2.9702916e+01   2.9927970e+01
   7.6877075e+00   5.2131117e+00   1.5827379e+01   2.5330178e+01   2.7828919e+01   2.9210148e+01   2.9684836e+01   2.9873730e+01
   1.1114707e+01   9.5422379e+00   1.9326801e+01   2.6557747e+01   2.8668955e+01   2.9183723e+01   2.9961603e+01   3.0633100e+01
   1.3612760e+01   1.2145793e+01   2.1790880e+01   2.7516198e+01   2.9097317e+01   3.0084954e+01   3.0663950e+01   3.0442562e+01
   1.6504208e+01   1.4482913e+01   2.3430620e+01   2.8554222e+01   2.9108444e+01   2.9460490e+01   3.0204990e+01   2.9950223e+01
   1.8550752e+01   1.7242038e+01   2.4743126e+01   2.8530082e+01   2.9051421e+01   2.9701097e+01   3.0470631e+01   2.9971085e+01
   2.0669716e+01   1.9100826e+01   2.6400748e+01   2.8955663e+01   2.9225270e+01   2.9379825e+01   3.0093727e+01   3.0003073e+01
   2.2080571e+01   2.0598406e+01   2.6706522e+01   2.8484484e+01   2.9134869e+01   2.9778981e+01   3.0349632e+01   3.1019739e+01
   2.3334962e+01   2.2231887e+01   2.7182172e+01   2.8989638e+01   2.9006916e+01   2.9410422e+01   3.0804420e+01   3.0818075e+01
   2.4882611e+01   2.2897975e+01   2.7469171e+01   2.8826916e+01   2.8924860e+01   2.9139218e+01   3.0544343e+01   3.0623364e+01
   2.6005572e+01   2.4247138e+01   2.7418209e+01   2.8251130e+01   2.8738494e+01   2.9598178e+01   2.9764111e+01   3.0503756e+01
   2.6824548e+01   2.4755869e+01   2.7962702e+01   2.8223414e+01   2.9289246e+01   2.9799843e+01   3.0086773e+01   3.0252024e+01
   2.7431627e+01   2.5135852e+01   2.7843790e+01   2.7708425e+01   2.8852539e+01   2.9029346e+01   2.9284289e+01   2.9905718e+01
   2.7875089e+01   2.5654417e+01   2.7999360e+01   2.7682496e+01   2.8381062e+01   2.8171230e+01   2.9011695e+01   2.8477379e+01
   2.7893865e+01   2.6029035e+01   2.8129895e+01   2.7597559e+01   2.7993032e+01   2.6890314e+01   2.5970043e+01   2.4510852e+01
   2.8610915e+01   2.6650420e+01   2.7492417e+01   2.7036972e+01   2.6645358e+01   2.4416102e+01   2.1159310e+01   1.9534614e+01
   2.8606445e+01   2.6751450e+01   2.7601495e+01   2.5745924e+01   2.4139159e+01   2.0175589e+01   1.6248441e+01   1.2441598e+01
   2.8570682e+01   2.6915961e+01   2.7085612e+01   2.2774009e+01   1.9772086e+01   1.4832182e+01   9.7326036e+00   5.0662523e+00
   2.8550118e+01   2.6999110e+01   2.7446819e+01   1.9925478e+01   1.5587206e+01   9.2161808e+00   4.2960170e+00  -9.8645406e-01
   2.8745921e+01   2.7271804e+01   2.6721722e+01   1.7016149e+01   1.0604014e+01   3.4374580e+00  -1.7080105e+00  -6.5732464e+00
   2.8920266e+01   2.7426479e+01   2.6121795e+01   1.3177873e+01   6.2119069e+00  -9.4352297e-01  -6.6174885e+00  -1.1553655e+01
   2.8816553e+01   2.7774275e+01   2.5554950e+01   9.4906969e+00   1.7001925e+00  -6.4162718e+00  -1.1179270e+01  -1.5289309e+01
   2.8943512e+01   2.7513205e+01   2.5126686e+01   5.5880481e+00  -2.2913671e+00  -1.0012848e+01  -1.5058175e+01  -1.7529868e+01
   2.9187596e+01   2.7574002e+01   2.4722563e+01   2.7466695e+00  -5.9769535e+00  -1.3035029e+01  -1.6910703e+01  -1.9883079e+01
   2.9103552e+01   2.7641058e+01   2.4539277e+01   5.9730709e-01  -9.8475144e+00  -1.5904223e+01  -1.8738197e+01  -2.1202936e+01
   2.9148256e+01   2.7969184e+01   2.4358673e+01  -2.3558310e+00  -1.2630480e+01  -1.8033519e+01  -2.0850802e+01  -2.2898306e+01
   2.9875142e+01   2.8434999e+01   2.6160241e+01  -4.2038893e+00  -1.3932256e+01  -1.9146149e+01  -2.1757595e+01  -2.3191762e+01
   2.9427209e+01   2.8413541e+01   2.7543380e+01  -6.3925910e+00  -1.5896048e+01  -2.0363088e+01  -2.2722801e+01  -2.4127761e+01
   2.9583672e+01   2.8586098e+01   2.7869718e+01  -6.8441001e+00  -1.7293789e+01  -2.1296306e+01  -2.3073280e+01  -2.5049853e+01
   2.9852790e+01   2.8604874e+01   2.7498676e+01  -7.1418279e+00  -1.8812529e+01  -2.3001411e+01  -2.4114979e+01  -2.7240343e+01
   2.9512146e+01   2.8989327e+01   2.7289461e+01  -7.1248405e+00  -1.8994722e+01  -2.2944389e+01  -2.5298539e+01  -2.8494833e+01
   3.0284629e+01   2.9251292e+01   2.8354309e+01  -5.5503700e+00  -1.9158835e+01  -2.3243408e+01  -2.6700452e+01  -2.9861976e+01
   2.9786628e+01   2.9031349e+01   2.8627897e+01  -1.8730292e+00  -1.9264534e+01  -2.3837274e+01  -2.7608636e+01  -3.2017696e+01
   2.9856366e+01   2.9221787e+01   2.9024867e+01   2.3899326e+00  -1.9673426e+01  -2.3325464e+01  -2.8117664e+01  -3.3679687e+01
   3.0230985e+01   2.9390768e+01   2.9141992e+01   7.7177410e+00  -1.6393950e+01  -2.2902665e+01  -2.8419465e+01  -3.5640696e+01
   3.0663718e+01   2.9378251e+01   2.8683329e+01   1.3873466e+01  -1.2047740e+01  -2.0395076e+01  -2.6936886e+01  -3.5555858e+01
   3.0994527e+01   2.9783268e+01   2.9117852e+01   1.9106502e+01  -5.9394022e+00  -1.4720663e+01  -2.2916121e+01  -3.1576817e+01
   3.0643154e+01   2.9792209e+01   2.9159873e+01   2.4352057e+01   9.6614719e-02  -7.7305660e+00  -1.5447595e+01  -2.2824594e+01
   3.0732562e+01   2.9532926e+01   2.9488000e+01   2.8558693e+01   7.0296899e+00   1.7511239e-02  -5.8150044e+00  -1.2086327e+01
   3.0819288e+01   2.9791315e+01   2.9388757e+01   2.9889975e+01   1.2569196e+01   6.7864747e+00   2.6562791e+00  -1.8862934e+00
   3.1464812e+01   2.9892346e+01   2.9574726e+01   2.9674502e+01   1.7609411e+01   1.2179950e+01   9.6853168e+00   7.7004036e+00
   3.1716942e+01   3.0029140e+01   2.9765164e+01   2.9865835e+01   2.2467432e+01   1.7145062e+01   1.5427877e+01   1.4435987e+01
   3.1190330e+01   2.9983542e+01   3.0362409e+01   2.9856000e+01   2.6458993e+01   2.0773628e+01   1.9561296e+01   1.9380237e+01
   3.1049066e+01   3.0356372e+01   3.0068257e+01   3.0084884e+01   2.9438060e+01   2.4036417e+01   2.3016011e+01   2.2825218e+01
   3.1676709e+01   3.0418063e+01   3.0213992e+01   3.0583779e+01   3.0851101e+01   2.5630260e+01   2.4932516e+01   2.4558139e+01
   3.1996788e+01   3.0549493e+01   3.0568047e+01   3.0884189e+01   3.1066673e+01   2.8399319e+01   2.5819838e+01   2.5615138e+01
   3.2407170e+01   3.1046600e+01   3.0589505e+01   3.1531502e+01   3.1340658e+01   3.0440996e+01   2.7206453e+01   2.6334175e+01
   3.2356208e+01   3.1162830e+01   3.1035650e+01   3.0946775e+01   3.1086144e+01   3.2015368e+01   2.8723802e+01   2.7387001e+01
   3.2490319e+01   3.1363998e+01   3.1437985e+01   3.1333910e+01   3.1119523e+01   3.2061264e+01   3.1392723e+01   2.8391150e+01
   3.2979380e+01   3.1085045e+01   3.1327119e+01   3.1887345e+01   3.1628551e+01   3.1865163e+01   3.2442767e+01   3.0296529e+01
   3.3542649e+01   3.1618810e+01   3.1560474e+01   3.2063478e+01   3.1870548e+01   3.2833152e+01   3.2953186e+01   3.2601064e+01
   3.3660668e+01   3.1919220e+01   3.1632000e+01   3.2194013e+01   3.2239107e+01   3.3507684e+01   3.3164586e+01   3.2671995e+01
   3.4169398e+01   3.2112341e+01   3.2244444e+01   3.1696012e+01   3.2734228e+01   3.3457616e+01   3.3775141e+01   3.3908405e+01
   3.4613755e+01   3.1895974e+01   3.2702212e+01   3.2223518e+01   3.3136165e+01   3.3799750e+01   3.4758428e+01   3.4410479e+01
   3.5046488e+01   3.2141845e+01   3.2490315e+01   3.3418900e+01   3.3269681e+01   3.3956909e+01   3.4827967e+01   3.5212964e+01
   3.6004046e+01   3.2549545e+01   3.2310605e+01   3.3319657e+01   3.3513069e+01   3.4073735e+01   3.5916954e+01   3.6197642e+01
   3.6322338e+01   3.2998372e+01   3.3169815e+01   3.3981275e+01   3.4713319e+01   3.5528499e+01   3.6578969e+01   3.8133619e+01
   3.7247708e+01   3.3131589e+01   3.3376347e+01   3.4350529e+01   3.5244600e+01   3.6228066e+01   3.8225661e+01   4.0280995e+01
   3.7954924e+01   3.3444517e+01   3.3672287e+01   3.4759123e+01   3.5791180e+01   3.7201618e+01   3.9912686e+01   4.2724610e+01
   3.9248655e+01   3.3845064e+01   3.4295459e+01   3.5477067e+01   3.6393391e+01   3.8421339e+01   4.1755479e+01   4.4952652e+01
   4.1176287e+01   3.4590724e+01   3.4554742e+01   3.5917848e+01   3.7389195e+01   3.9891403e+01   4.3332632e+01   4.7781515e+01
   4.1626903e+01   3.4833914e+01   3.4902539e+01   3.6779739e+01   3.8856476e+01   4.1539487e+01   4.4673351e+01   4.9582586e+01
   4.3466915e+01   3.5357843e+01   3.5406799e+01   3.7195485e+01   3.8461493e+01   4.2275214e+01   4.5317286e+01   5.0675745e+01
   4.5365937e+01   3.5585833e+01   3.6200741e+01   3.7205320e+01   3.9663134e+01   4.2533901e+01   4.6381238e+01   5.1201463e+01
   4.6803615e+01   3.6605976e+01   3.6416213e+01   3.7318868e+01   3.9906521e+01   4.2770335e+01   4.6121161e+01   4.6209925e+01
   4.9256071e+01   3.7092354e+01   3.6411743e+01   3.7554905e+01   3.9640881e+01   4.0717531e+01   3.9452335e+01   3.6541166e+01
   5.1269536e+01   3.7581414e+01   3.6826596e+01   3.7713156e+01   3.8501826e+01   3.5129343e+01   3.0786339e+01   2.4737551e+01
   5.4150256e+01   3.8191175e+01   3.7101078e+01   3.6117227e+01   3.4314163e+01   2.8466077e+01   2.0388814e+01   1.3079969e+01
   5.6342536e+01   3.8394131e+01   3.7593715e+01   3.4085882e+01   2.9095927e+01   2.0687399e+01   1.1850772e+01   3.0412659e+00
   5.9414589e+01   3.9267645e+01   3.7110018e+01   3.0348637e+01   2.3178125e+01   1.2273132e+01   2.7021751e+00  -5.5690980e+00
   6.3111603e+01   4.0160829e+01   3.6771163e+01   2.6404859e+01   1.7094819e+01   6.0187599e+00  -3.9165802e+00  -1.1498024e+01
   6.6645001e+01   4.0786683e+01   3.7601762e+01   2.2319818e+01   1.1737506e+01  -9.0179934e-01  -1.0119490e+01  -1.5895693e+01
   7.0649579e+01   4.1088881e+01   3.7076043e+01   1.7807407e+01   5.7918891e+00  -5.2994695e+00  -1.3974752e+01  -2.0094479e+01
   7.5508002e+01   4.1401808e+01   3.6599500e+01   1.4051387e+01   1.1230158e+00  -1.0047618e+01  -1.7282043e+01  -2.1674413e+01
   7.9997171e+01   4.2319132e+01   3.6054112e+01   1.1036557e+01  -3.4290312e+00  -1.3054500e+01  -1.8754886e+01  -2.3741123e+01
   8.6034886e+01   4.2915482e+01   3.5323650e+01   7.5183617e+00  -6.2745819e+00  -1.5734547e+01  -2.0916169e+01  -2.4131934e+01
   9.1832988e+01   4.3259702e+01   3.5118906e+01   5.1964421e+00  -8.6194492e+00  -1.7730327e+01  -2.1906409e+01  -2.5073497e+01
   9.8062037e+01   4.4473859e+01   3.4964230e+01   2.7162709e+00  -1.0905903e+01  -1.9057138e+01  -2.3208186e+01  -2.4333598e+01
   1.0508861e+02   4.5325915e+01   3.6134579e+01   1.2598186e+00  -1.3407930e+01  -2.0007046e+01  -2.3020430e+01  -2.4903821e+01
   1.1304860e+02   4.6211946e+01   3.7489108e+01  -3.1229431e-02  -1.4667983e+01  -2.0688532e+01  -2.3373690e+01  -2.5628421e+01
   1.2121869e+02   4.7638894e+01   3.8132844e+01  -1.3187011e+00  -1.5261849e+01  -2.1365845e+01  -2.4231805e+01  -2.5671535e+01
   1.2982064e+02   4.8959447e+01   3.7916477e+01  -7.2860992e-01  -1.6174205e+01  -2.1610624e+01  -2.3857684e+01  -2.5806441e+01
   1.4042890e+02   5.0917477e+01   3.8408220e+01  -5.6499373e-01  -1.6437064e+01  -2.2108526e+01  -2.4252667e+01  -2.5314103e+01
   1.5140821e+02   5.2305979e+01   3.9163717e+01   1.5879450e+00  -1.6726348e+01  -2.1670428e+01  -2.3261036e+01  -2.5219529e+01
   1.6209963e+02   5.4127215e+01   3.9616120e+01   5.0971995e+00  -1.6656808e+01  -2.2198927e+01  -2.3316667e+01  -2.5887107e+01
   1.7468650e+02   5.6602916e+01   3.9829805e+01   9.1777697e+00  -1.4865475e+01  -2.1450683e+01  -2.2889696e+01  -2.5257080e+01
   1.8785811e+02   5.9219881e+01   4.1033235e+01   1.4881091e+01  -1.1677790e+01  -1.9162838e+01  -2.1813227e+01  -2.4422608e+01
   2.0206329e+02   6.1695581e+01   4.2502206e+01   2.0383245e+01  -8.0339278e+00  -1.5384069e+01  -1.8600509e+01  -2.0921997e+01
   2.1575438e+02   6.5456071e+01   4.3554536e+01   2.6728515e+01  -2.1119556e+00  -1.0282661e+01  -1.3169486e+01  -1.5801119e+01
   2.3083130e+02   6.9279146e+01   4.5329283e+01   3.3736298e+01   3.6431225e+00  -4.9156121e+00  -7.6299814e+00  -9.8374239e+00
   2.4527344e+02   7.4234123e+01   4.6661460e+01   3.7821340e+01   9.4329707e+00   8.8258112e-01  -2.1822688e+00  -3.0740257e+00
   2.5941518e+02   7.9186418e+01   4.8635585e+01   4.0249656e+01   1.6761030e+01   6.1620110e+00   3.0067575e+00   2.8131768e+00
   2.7405940e+02   8.5568342e+01   5.1954406e+01   4.2074469e+01   2.2257423e+01   1.1942125e+01   8.4210914e+00   8.6350127e+00
   2.8731244e+02   9.2754042e+01   5.5140903e+01   4.4378508e+01   2.8158536e+01   1.7140890e+01   1.3793702e+01   1.3334483e+01
   2.9888907e+02   1.0131751e+02   5.9145482e+01   4.7351318e+01   3.3880237e+01   2.1786122e+01   1.7868708e+01   1.6900463e+01
   3.0808119e+02   1.1150642e+02   6.4037882e+01   4.9990636e+01   3.9657570e+01   2.6385458e+01   2.1678074e+01   2.0189675e+01
   3.1459819e+02   1.2229883e+02   6.9949533e+01   5.4863362e+01   4.3706155e+01   3.2516052e+01   2.4836552e+01   2.2342614e+01
   3.1971416e+02   1.3497953e+02   7.7323899e+01   5.9161197e+01   4.7016231e+01   3.8467235e+01   2.9011695e+01   2.4947560e+01
   3.2083624e+02   1.4995801e+02   8.5840006e+01   6.5669193e+01   5.0223388e+01   4.3991447e+01   3.4209067e+01   2.7941925e+01
   3.1309433e+02   1.6668620e+02   9.6287327e+01   7.3985017e+01   5.5063332e+01   4.8568533e+01   3.9879307e+01   3.1281207e+01
   3.0044389e+02   1.8544216e+02   1.0901366e+02   8.4675516e+01   6.1214790e+01   5.3946713e+01   4.7160079e+01   3.7854070e+01
   2.8437805e+02   2.0614364e+02   1.2428187e+02   9.7357131e+01   6.9727808e+01   6.1127356e+01   5.3983283e+01   4.5464462e+01
   2.6650080e+02   2.2868156e+02   1.4235304e+02   1.1325654e+02   8.0591261e+01   7.0574987e+01   6.1611753e+01   5.5348794e+01
   2.4702495e+02   2.5164955e+02   1.6319766e+02   1.3304610e+02   9.4849635e+01   8.3505158e+01   7.2142799e+01   6.4790857e+01
   2.2611233e+02   2.7395771e+02   1.8790116e+02   1.5787293e+02   1.1286315e+02   9.9884494e+01   8.7141059e+01   7.7676515e+01
   2.0536514e+02   2.9407450e+02   2.1557215e+02   1.8602576e+02   1.3611161e+02   1.2224563e+02   1.0685131e+02   9.6157323e+01
   1.8505338e+02   3.1039057e+02   2.4526203e+02   2.1949305e+02   1.6578972e+02   1.5104615e+02   1.3386601e+02   1.2161573e+02
   1.6648420e+02   3.2102030e+02   2.7421523e+02   2.5473425e+02   2.0007279e+02   1.8804962e+02   1.6951753e+02   1.5624922e+02
   1.4889405e+02   3.2389298e+02   2.9924075e+02   2.8854767e+02   2.3925012e+02   2.3224774e+02   2.1482815e+02   2.0196599e+02
   1.3225790e+02   3.1040935e+02   3.1782618e+02   3.1321195e+02   2.7860417e+02   2.7908013e+02   2.6722775e+02   2.5839616e+02
   1.1713007e+02   2.8282698e+02   3.2373611e+02   3.2391150e+02   3.1125741e+02   3.1878618e+02   3.1815740e+02   3.1603094e+02
   1.0284089e+02   2.4842460e+02   3.0846774e+02   3.1102948e+02   3.2573289e+02   3.3723661e+02   3.4969662e+02   3.5355207e+02
   9.0084169e+01   2.1308168e+02   2.7104033e+02   2.6716114e+02   3.0872337e+02   3.1601847e+02   3.4326276e+02   3.4588595e+02
   7.8183086e+01   1.7921759e+02   2.2672407e+02   2.1167608e+02   2.5707737e+02   2.5516810e+02   2.6982854e+02   2.6456713e+02
   6.7298573e+01   1.4800623e+02   1.8221121e+02   1.5911123e+02   1.9509374e+02   1.8336125e+02   1.8445185e+02   1.7278713e+02
